SAT 120
1 24307U 96053A   13180.00000000  .00000000  00000-0  00000+0 0    04
2 24307 000.0567 045.2604 0007272 047.3104 169.0933 01.00267613    01
SAT 124
1 26863U 01029A   13180.00000000  .00000000  00000-0  00000+0 0    02
2 26863 010.6535 049.5856 0004060 082.6701 166.3184 01.00269687    06
SAT 125
1 38977U 12061A   13180.00000000  .00000000  00000-0  00000+0 0    09
2 38977 000.5818 101.1461 0005435 018.1709 141.9982 01.00267118    05
SAT 126
1 28899U 05044A   13180.00000000  .00000000  00000-0  00000+0 0    04
2 28899 002.2884 348.8335 0003340 116.7418 196.6793 01.00268770    06
SAT 127
1 37605U 11022A   13180.00000000  .00000000  00000-0  00000+0 0    02
2 37605 000.0192 037.2468 0002568 246.2779 048.6808 01.00268061    01
SAT 128
1 38779U 12051B   13180.00000000  .00000000  00000-0  00000+0 0    08
2 38779 000.0150 049.9411 0001270 192.9967 117.2602 01.00266576    05
SAT 129
1 28622U 05006A   13180.00000000  .00000000  00000-0  00000+0 0    06
2 28622 000.0079 047.4117 0000832 359.7059 010.0757 01.00265888    01
SAT 133
1 33278U 08039A   13180.00000000  .00000000  00000-0  00000+0 0    08
2 33278 003.0066 346.9987 0003353 113.8342 078.6940 01.00267213    08
SAT 135
1 28884U 05041A   13180.00000000  .00000000  00000-0  00000+0 0    05
2 28884 000.0143 282.5605 0001441 173.1448 048.4817 01.00268645    00
SAT 137
1 28937U 06004A   13180.00000000  .00000000  00000-0  00000+0 0    04
2 28937 000.0372 217.6700 0004349 238.5311 325.9826 01.00269632    03
SAT 138
1 28868U 05036A   13180.00000000  .00000000  00000-0  00000+0 0    01
2 28868 000.0559 041.7478 0002702 007.7473 120.3787 01.00268287    05
SAT 140
1 37951U 11074B   13180.00000000  .00000000  00000-0  00000+0 0    03
2 37951 003.6705 258.3890 0004586 240.3319 305.5530 01.00266644    08
SAT C01
1 36287U 10001A   13180.00000000  .00000000  00000-0  00000+0 0    03
2 36287 001.6525 006.3495 0003688 168.6185 242.2128 01.00263936    05
SAT C02
1 38953U 12059A   13180.00000000  .00000000  00000-0  00000+0 0    00
2 38953 001.3314 276.4895 0002949 167.2476 273.4807 01.00267205    04
SAT C03
1 36590U 10024A   13180.00000000  .00000000  00000-0  00000+0 0    05
2 36590 001.4655 026.1817 0002194 340.9990 020.5195 01.00264242    04
SAT C04
1 37210U 10057A   13180.00000000  .00000000  00000-0  00000+0 0    01
2 37210 000.6256 023.6521 0004833 137.2019 276.3541 01.00267290    09
SAT C05
1 38091U 12008A   13180.00000000  .00000000  00000-0  00000+0 0    07
2 38091 001.1295 321.1460 0003151 144.3740 230.3358 01.00264660    00
SAT C06
1 36828U 10036A   13180.00000000  .00000000  00000-0  00000+0 0    02
2 36828 054.5457 207.8514 0030750 180.9735 009.7814 01.00276813    01
SAT C07
1 37256U 10068A   13180.00000000  .00000000  00000-0  00000+0 0    03
2 37256 054.6557 327.8983 0019992 178.9406 248.8665 01.00295927    06
SAT C08
1 37384U 11013A   13180.00000000  .00000000  00000-0  00000+0 0    06
2 37384 056.1336 088.0865 0023028 177.4121 128.3362 01.00301584    01
SAT C09
1 37763U 11038A   13180.00000000  .00000000  00000-0  00000+0 0    04
2 37763 054.8624 209.9840 0023390 189.7331 333.4812 01.00273451    05
SAT C10
1 37948U 11073A   13180.00000000  .00000000  00000-0  00000+0 0    08
2 37948 054.7658 327.3142 0022749 176.7722 227.0116 01.00261380    06
SAT C11
1 38250U 12018A   13180.00000000  .00000000  00000-0  00000+0 0    05
2 38250 055.3362 102.9410 0022901 188.1955 353.7247 01.86233736    02
SAT C12
1 38251U 12018B   13180.00000000  .00000000  00000-0  00000+0 0    06
2 38251 055.2694 102.4768 0026126 182.0227 044.3515 01.86232599    06
SAT C13
1 38774U 12050A   13180.00000000  .00000000  00000-0  00000+0 0    02
2 38774 054.8946 222.6684 0024821 183.8086 193.2258 01.86232574    06
SAT C14
1 38775U 12050B   13180.00000000  .00000000  00000-0  00000+0 0    03
2 38775 054.9986 222.2038 0017296 204.6516 217.6485 01.86233084    09
SAT C30
1 31115U 07011A   13180.00000000  .00000000  00000-0  00000+0 0    05
2 31115 056.9105 015.0637 0003109 165.8485 317.8724 01.86199042    03
SAT C15
1 99931U 00000B   13180.00000000  .00000000  00000-0  00000+0 0    06
2 99931 055.0011 102.4825 0000480 273.5937 358.4163 01.86497626    04
SAT C16
1 99932U 00000B   13180.00000000  .00000000  00000-0  00000+0 0    07
2 99932 054.9999 102.4838 0000192 055.2966 261.7150 01.86514657    05
SAT C17
1 99933U 00000B   13180.00000000  .00000000  00000-0  00000+0 0    08
2 99933 054.9989 102.4999 0000469 183.6210 178.3789 01.86529463    00
SAT C18
1 99934U 00000B   13180.00000000  .00000000  00000-0  00000+0 0    09
2 99934 055.0001 102.4986 0000194 328.5294 078.4690 01.86512430    08
SAT C19
1 99935U 00000B   13180.00000000  .00000000  00000-0  00000+0 0    00
2 99935 055.0011 102.5001 0000480 093.5838 358.4163 01.86497626    05
SAT C20
1 99936U 00000B   13180.00000000  .00000000  00000-0  00000+0 0    01
2 99936 054.9999 102.5014 0000192 235.2867 261.7150 01.86514657    06
SAT C21
1 99937U 00000B   13180.00000000  .00000000  00000-0  00000+0 0    02
2 99937 055.0009 222.5008 0000413 121.9001 345.1008 01.86500315    09
SAT C22
1 99938U 00000B   13180.00000000  .00000000  00000-0  00000+0 0    03
2 99938 054.9994 222.5012 0000304 300.8004 211.2009 01.86522467    02
SAT C23
1 99939U 00000B   13180.00000000  .00000000  00000-0  00000+0 0    04
2 99939 054.9991 222.4817 0000403 032.3132 164.6957 01.86526774    09
SAT C24
1 99940U 00000B   13180.00000000  .00000000  00000-0  00000+0 0    06
2 99940 055.0006 222.4813 0000314 211.8553 030.1532 01.86504620    00
SAT C25
1 99941U 00000B   13180.00000000  .00000000  00000-0  00000+0 0    07
2 99941 055.0010 222.4832 0000413 301.9100 345.1008 01.86500315    00
SAT C26
1 99942U 00000B   13180.00000000  .00000000  00000-0  00000+0 0    08
2 99942 054.9994 222.4836 0000304 120.8103 211.2009 01.86522467    00
SAT C27
1 99943U 00000B   13180.00000000  .00000000  00000-0  00000+0 0    09
2 99943 054.9989 342.4998 0000464 189.0823 175.9174 01.86529260    07
SAT C28
1 99944U 00000B   13180.00000000  .00000000  00000-0  00000+0 0    00
2 99944 055.0002 342.4986 0000207 345.1904 064.8079 01.86510772    01
SAT C29
1 99945U 00000B   13180.00000000  .00000000  00000-0  00000+0 0    01
2 99945 055.0011 342.5002 0000475 098.9877 356.0126 01.86497829    07
SAT C31
1 99946U 00000B   13180.00000000  .00000000  00000-0  00000+0 0    02
2 99946 054.9998 342.5014 0000202 252.3560 247.6456 01.86516314    08
SAT C32
1 99947U 00000B   13180.00000000  .00000000  00000-0  00000+0 0    03
2 99947 054.9989 342.4822 0000464 009.0922 175.9174 01.86529260    08
SAT C33
1 99948U 00000B   13180.00000000  .00000000  00000-0  00000+0 0    04
2 99948 055.0002 342.4811 0000207 165.2003 064.8079 01.86510772    03
SAT C34
1 99949U 00000B   13180.00000000  .00000000  00000-0  00000+0 0    05
2 99949 055.0011 342.4827 0000475 278.9976 356.0126 01.86497829    05
SAT C35
1 99950U 00000B   13180.00000000  .00000000  00000-0  00000+0 0    07
2 99950 054.9998 342.4838 0000202 072.3659 247.6456 01.86516314    05
SAT E01
1 99901U 00000A   13180.00000000  .00000000  00000-0  00000+0 0    03
2 99901 054.9992 352.4992 0000336 218.8194 161.1797 01.70486689    08
SAT E02
1 99902U 00000A   13180.00000000  .00000000  00000-0  00000+0 0    04
2 99902 055.0005 352.4989 0000261 025.8990 034.0997 01.70470309    01
SAT E03
1 99903U 00000A   13180.00000000  .00000000  00000-0  00000+0 0    05
2 99903 055.0010 352.5004 0000405 108.1838 351.8167 01.70464621    02
SAT E04
1 99904U 00000A   13180.00000000  .00000000  00000-0  00000+0 0    06
2 99904 054.9998 352.5012 0000180 252.3559 247.6456 01.70479024    03
SAT E05
1 99905U 00000A   13180.00000000  .00000000  00000-0  00000+0 0    07
2 99905 054.9990 352.5000 0000417 000.0000 180.0000 01.70489716    09
SAT E06
1 99906U 00000A   13180.00000000  .00000000  00000-0  00000+0 0    08
2 99906 054.9998 352.4832 0000180 107.6529 112.3544 01.70479024    09
SAT E07
1 99907U 00000A   13180.00000000  .00000000  00000-0  00000+0 0    09
2 99907 055.0010 352.4840 0000405 251.8249 008.1833 01.70464621    07
SAT E08
1 99908U 00000A   13180.00000000  .00000000  00000-0  00000+0 0    00
2 99908 055.0005 352.4855 0000261 334.1097 325.9003 01.70470309    03
SAT E09
1 99909U 00000A   13180.00000000  .00000000  00000-0  00000+0 0    01
2 99909 054.9992 352.4852 0000336 141.1894 198.8203 01.70486689    05
SAT E10
1 99910U 00000A   13180.00000000  .00000000  00000-0  00000+0 0    03
2 99910 055.0009 112.5006 0000380 117.8378 347.1630 01.70465574    03
SAT E11
1 37846U 11060A   13180.00000000  .00000000  00000-0  00000+0 0    01
2 37846 054.9026 112.4208 0002329 335.2025 170.1604 01.70474423    01
SAT E12
1 37847U 11060B   13180.00000000  .00000000  00000-0  00000+0 0    02
2 37847 054.9034 112.4038 0002800 301.5136 244.4303 01.70474673    03
SAT E13
1 99913U 00000A   13180.00000000  .00000000  00000-0  00000+0 0    06
2 99913 055.0000 112.4832 0000169 136.6757 088.3315 01.70476777    09
SAT E14
1 99914U 00000A   13180.00000000  .00000000  00000-0  00000+0 0    07
2 99914 055.0010 112.4842 0000421 261.0211 003.9874 01.70464037    00
SAT E15
1 99915U 00000A   13180.00000000  .00000000  00000-0  00000+0 0    08
2 99915 055.0003 112.4856 0000218 351.7535 313.2566 01.70472352    02
SAT E16
1 99916U 00000A   13180.00000000  .00000000  00000-0  00000+0 0    09
2 99916 054.9991 112.4850 0000370 151.8344 193.1751 01.70487982    03
SAT E17
1 99917U 00000A   13180.00000000  .00000000  00000-0  00000+0 0    00
2 99917 054.9993 112.4991 0000296 230.8955 154.1033 01.70485094    07
SAT E18
1 99918U 00000A   13180.00000000  .00000000  00000-0  00000+0 0    01
2 99918 055.0007 112.4991 0000305 039.9092 025.0897 01.70468461    00
SAT E19
1 38857U 12055A   13180.00000000  .00000000  00000-0  00000+0 0    09
2 38857 055.2169 232.2426 0002934 212.0053 266.7199 01.70473583    01
SAT E20
1 38858U 12055B   13180.00000000  .00000000  00000-0  00000+0 0    00
2 38858 055.2180 232.2433 0002093 204.2146 314.4996 01.70473593    02
SAT E21
1 99921U 00000A   13180.00000000  .00000000  00000-0  00000+0 0    05
2 99921 054.9992 232.4837 0000343 036.6071 162.4007 01.70486973    07
SAT E22
1 99922U 00000A   13180.00000000  .00000000  00000-0  00000+0 0    06
2 99922 055.0005 232.4833 0000252 202.7261 036.2814 01.70470704    06
SAT E23
1 99923U 00000A   13180.00000000  .00000000  00000-0  00000+0 0    07
2 99923 055.0010 232.4848 0000409 286.3257 352.6835 01.70464474    01
SAT E24
1 99924U 00000A   13180.00000000  .00000000  00000-0  00000+0 0    08
2 99924 054.9999 232.4857 0000175 066.8555 252.1547 01.70478578    02
SAT E25
1 99925U 00000A   13180.00000000  .00000000  00000-0  00000+0 0    09
2 99925 054.9990 232.4845 0000416 178.1991 180.8097 01.70489708    04
SAT E26
1 99926U 00000A   13180.00000000  .00000000  00000-0  00000+0 0    00
2 99926 054.9998 232.4988 0000185 282.3597 116.6389 01.70479467    06
SAT E27
1 99927U 00000A   13180.00000000  .00000000  00000-0  00000+0 0    01
2 99927 055.0009 232.4995 0000401 069.9313 009.0682 01.70464782    01
SAT G01
1 37753U 11036A   13180.00000000  .00000000  00000-0  00000+0 0    01
2 37753 055.0248 158.4546 0020550 015.5125 104.1944 02.00560828    09
SAT G02
1 28474U 04045A   13180.00000000  .00000000  00000-0  00000+0 0    03
2 28474 053.7933 157.1740 0124475 211.9929 146.8010 02.00560661    04
SAT G03
1 23833U 96019A   13180.00000000  .00000000  00000-0  00000+0 0    09
2 23833 053.5620 090.1312 0163584 074.6101 156.6173 02.00559506    05
SAT G04
1 22877U 93068A   13180.00000000  .00000000  00000-0  00000+0 0    07
2 22877 053.7381 158.0946 0103399 056.2689 330.6840 02.00574425    02
SAT G05
1 35752U 09043A   13180.00000000  .00000000  00000-0  00000+0 0    03
2 35752 054.3506 218.1960 0030735 013.9278 276.2883 02.00565669    07
SAT G06
1 23027U 94016A   13180.00000000  .00000000  00000-0  00000+0 0    09
2 23027 053.9399 094.6771 0081180 343.8503 261.0184 02.00562010    00
SAT G07
1 32711U 08012A   13180.00000000  .00000000  00000-0  00000+0 0    00
2 32711 055.8865 339.5404 0064919 192.2794 067.9434 02.00562717    07
SAT G08
1 25030U 97067A   13180.00000000  .00000000  00000-0  00000+0 0    04
2 25030 057.1904 344.8107 0131409 195.6162 035.6413 02.00560766    07
SAT G09
1 22700U 93042A   13180.00000000  .00000000  00000-0  00000+0 0    04
2 22700 056.3791 338.2242 0173725 096.3289 118.7799 02.00669788    08
SAT G10
1 23953U 96041A   13180.00000000  .00000000  00000-0  00000+0 0    07
2 23953 054.0541 219.2979 0124589 045.9721 287.7434 02.00566110    05
SAT G11
1 25933U 99055A   13180.00000000  .00000000  00000-0  00000+0 0    05
2 25933 050.9431 141.3039 0140964 067.5722 079.7793 02.00558842    06
SAT G12
1 29601U 06052A   13180.00000000  .00000000  00000-0  00000+0 0    06
2 29601 056.4057 040.2233 0045267 017.2885 050.1682 02.00580242    01
SAT G13
1 24876U 97035A   13180.00000000  .00000000  00000-0  00000+0 0    06
2 24876 056.2189 284.1258 0051537 123.6781 202.4981 02.00557639    02
SAT G14
1 26605U 00071A   13180.00000000  .00000000  00000-0  00000+0 0    02
2 26605 055.7984 282.4367 0071113 243.2160 215.3975 02.00553783    07
SAT G15
1 32260U 07047A   13180.00000000  .00000000  00000-0  00000+0 0    06
2 32260 053.8858 276.6511 0054240 009.2842 185.2881 02.00549703    03
SAT G16
1 27663U 03005A   13180.00000000  .00000000  00000-0  00000+0 0    07
2 27663 056.4441 041.2611 0071504 006.9814 283.9268 02.00565346    09
SAT G17
1 28874U 05038A   13180.00000000  .00000000  00000-0  00000+0 0    00
2 28874 055.3312 100.6386 0083596 234.4220 227.1939 02.00566461    05
SAT G18
1 26690U 01004A   13180.00000000  .00000000  00000-0  00000+0 0    03
2 26690 053.1245 218.3029 0145064 239.8047 312.9754 02.00569237    08
SAT G19
1 28190U 04009A   13180.00000000  .00000000  00000-0  00000+0 0    08
2 28190 055.1722 103.6096 0094274 018.9099 184.4007 02.00558239    09
SAT G20
1 26360U 00025A   13180.00000000  .00000000  00000-0  00000+0 0    09
2 26360 053.1693 215.2428 0053707 073.9395 341.9812 02.00557224    03
SAT G21
1 27704U 03010A   13180.00000000  .00000000  00000-0  00000+0 0    09
2 27704 053.3836 158.3107 0204542 238.2572 012.5221 02.00562689    02
SAT G22
1 28129U 03058A   13180.00000000  .00000000  00000-0  00000+0 0    03
2 28129 052.9956 218.4487 0067618 243.1131 279.7043 02.00565212    02
SAT G23
1 28361U 04023A   13180.00000000  .00000000  00000-0  00000+0 0    04
2 28361 054.7426 279.0582 0087369 195.6070 157.3243 02.00561270    02
SAT G24
1 38833U 12053A   13180.00000000  .00000000  00000-0  00000+0 0    01
2 38833 054.9402 337.8759 0009521 023.0280 106.4689 02.00563812    06
SAT G25
1 36585U 10022A   13180.00000000  .00000000  00000-0  00000+0 0    07
2 36585 055.7652 037.9911 0027386 041.0524 354.6308 02.00554509    00
SAT G26
1 22014U 92039A   13180.00000000  .00000000  00000-0  00000+0 0    07
2 22014 056.0728 283.7146 0211197 071.2954 156.1407 02.00565386    08
SAT G27
1 22108U 92058A   13180.00000000  .00000000  00000-0  00000+0 0    02
2 22108 056.2240 336.6119 0218422 309.0216 202.1258 02.00579687    07
SAT G28
1 26407U 00040A   13180.00000000  .00000000  00000-0  00000+0 0    08
2 26407 056.3554 041.6153 0185580 258.6281 272.4396 02.00567763    07
SAT G29
1 32384U 07062A   13180.00000000  .00000000  00000-0  00000+0 0    00
2 32384 055.3684 101.1626 0017456 303.5364 027.2862 02.00569720    05
SAT G30
1 22779U 93054A   13180.00000000  .00000000  00000-0  00000+0 0    03
2 22779 055.2470 032.5752 0111201 093.5590 226.5664 02.00563125    08
SAT G31
1 29486U 06042A   13180.00000000  .00000000  00000-0  00000+0 0    06
2 29486 056.1712 339.8100 0078326 317.7644 067.3095 02.00570574    05
SAT G32
1 20959U 90103A   13180.00000000  .00000000  00000-0  00000+0 0    03
2 20959 054.3814 223.3095 0115684 340.2497 095.3977 02.00564989    03
SAT J01
1 37158U 10045A   13180.00000000  .00000000  00000-0  00000+0 0    09
2 37158 040.6264 180.3583 0754961 269.9803 323.5187 01.00283724    01
SAT J02
1 99928U 00000A   13180.00000000  .00000000  00000-0  00000+0 0    02
2 99928 042.9996 045.4000 0750090 269.9838 098.5157 01.00275686    07
SAT J03
1 99929U 00000A   13180.00000000  .00000000  00000-0  00000+0 0    03
2 99929 000.0000 359.9990 0000372 233.0023 179.9988 01.00273690    08
SAT J04
1 99930U 00000A   13180.00000000  .00000000  00000-0  00000+0 0    05
2 99930 043.0005 315.3902 0749989 270.0103 188.5011 01.00271434    02
SAT R01
1 36111U 09070A   13180.00000000  .00000000  00000-0  00000+0 0    03
2 36111 064.2908 233.2510 0003594 324.5793 329.1287 02.13106236    09
SAT R02
1 33468U 08067C   13180.00000000  .00000000  00000-0  00000+0 0    00
2 33468 064.0544 232.9912 0003366 307.8040 299.0095 02.13105719    00
SAT R03
1 37867U 11064A   13180.00000000  .00000000  00000-0  00000+0 0    08
2 37867 064.5928 233.3257 0015419 254.7595 309.5753 02.13106571    07
SAT R04
1 37829U 11055A   13180.00000000  .00000000  00000-0  00000+0 0    06
2 37829 064.6123 233.2160 0006940 256.2768 262.7590 02.13106415    09
SAT R05
1 36113U 09070C   13180.00000000  .00000000  00000-0  00000+0 0    05
2 36113 064.2779 233.2154 0001540 073.0695 041.1057 02.13106359    09
SAT R06
1 36112U 09070B   13180.00000000  .00000000  00000-0  00000+0 0    04
2 36112 064.2727 233.2023 0007902 154.7431 273.5623 02.13105897    05
SAT R07
1 37868U 11064B   13180.00000000  .00000000  00000-0  00000+0 0    09
2 37868 064.6009 233.3700 0013489 256.0504 128.1852 02.13106441    03
SAT R08
1 37869U 11064C   13180.00000000  .00000000  00000-0  00000+0 0    00
2 37869 064.6086 233.3482 0020938 284.1917 055.3502 02.13106540    06
SAT R09
1 37139U 10041C   13180.00000000  .00000000  00000-0  00000+0 0    04
2 37139 065.1219 353.9413 0022718 027.1735 282.1046 02.13107636    04
SAT R10
1 29671U 06062B   13180.00000000  .00000000  00000-0  00000+0 0    04
2 29671 065.9153 353.4716 0019154 150.5812 116.0235 02.13108217    00
SAT R11
1 32395U 07065C   13180.00000000  .00000000  00000-0  00000+0 0    05
2 32395 065.5345 353.2587 0017136 011.7146 209.5137 02.13107849    05
SAT R12
1 37138U 10041B   13180.00000000  .00000000  00000-0  00000+0 0    03
2 37138 065.1211 353.9686 0036684 159.2863 015.4014 02.13107685    09
SAT R13
1 32393U 07065A   13180.00000000  .00000000  00000-0  00000+0 0    03
2 32393 065.5230 353.2495 0009258 101.0869 028.3310 02.13107673    00
SAT R14
1 29672U 06062C   13180.00000000  .00000000  00000-0  00000+0 0    05
2 29672 065.8998 353.4059 0018736 149.1564 296.8822 02.13107220    02
SAT R15
1 29670U 06062A   13180.00000000  .00000000  00000-0  00000+0 0    03
2 29670 065.8988 353.4138 0021124 000.8601 036.9907 02.13110174    06
SAT R16
1 37137U 10041A   13180.00000000  .00000000  00000-0  00000+0 0    02
2 37137 065.1043 353.8995 0024169 141.9962 211.4672 02.13107116    03
SAT R17
1 37938U 11071A   13180.00000000  .00000000  00000-0  00000+0 0    05
2 37938 064.8883 113.8330 0011374 241.0350 084.1169 02.13107099    00
SAT R18
1 33378U 08046A   13180.00000000  .00000000  00000-0  00000+0 0    07
2 33378 064.8904 113.8874 0024020 335.6766 305.5171 02.13108326    01
SAT R19
1 32275U 07052A   13180.00000000  .00000000  00000-0  00000+0 0    08
2 32275 064.9743 114.4132 0001327 292.0209 295.8859 02.13100926    07
SAT R20
1 32276U 07052B   13180.00000000  .00000000  00000-0  00000+0 0    09
2 32276 064.9871 114.4606 0013222 345.1419 198.1254 02.13102632    06
SAT R21
1 33379U 08046B   13180.00000000  .00000000  00000-0  00000+0 0    08
2 33379 064.8992 113.9362 0018622 181.4023 323.3188 02.13106221    04
SAT R22
1 36400U 10007A   13180.00000000  .00000000  00000-0  00000+0 0    06
2 36400 064.8763 113.7213 0031240 355.6936 105.5962 02.13107220    00
SAT R23
1 36402U 10007C   13180.00000000  .00000000  00000-0  00000+0 0    08
2 36402 064.8588 113.6876 0001034 081.0956 334.0559 02.13106815    01
SAT R24
1 36401U 10007B   13180.00000000  .00000000  00000-0  00000+0 0    07
2 36401 064.8686 113.6974 0006421 078.4786 293.1720 02.13107251    04
